#x f ferr
 0.00    1.29204    0.01132 
 0.01    1.26908    0.01057 
 0.02    1.24726    0.00991 
 0.03    1.22646    0.00933 
 0.04    1.20660    0.00882 
 0.05    1.18760    0.00838 
 0.06    1.16939    0.00799 
 0.07    1.15191    0.00765 
 0.08    1.13510    0.00736 
 0.09    1.11891    0.00710 
 0.10    1.10331    0.00688 
 0.11    1.08825    0.00669 
 0.12    1.07369    0.00652 
 0.13    1.05961    0.00637 
 0.14    1.04597    0.00625 
 0.15    1.03276    0.00614 
 0.16    1.01994    0.00604 
 0.17    1.00750    0.00595 
 0.18    0.99541    0.00588 
 0.19    0.98365    0.00581 
 0.20    0.97221    0.00575 
 0.21    0.96108    0.00569 
 0.22    0.95023    0.00564 
 0.23    0.93965    0.00559 
 0.24    0.92934    0.00554 
 0.25    0.91928    0.00550 
 0.26    0.90945    0.00546 
 0.27    0.89985    0.00541 
 0.28    0.89047    0.00537 
 0.29    0.88130    0.00534 
 0.30    0.87232    0.00530 
 0.31    0.86355    0.00526 
 0.32    0.85495    0.00522 
 0.33    0.84653    0.00519 
 0.34    0.83829    0.00515 
 0.35    0.83020    0.00511 
 0.36    0.82228    0.00508 
 0.37    0.81451    0.00504 
 0.38    0.80689    0.00501 
 0.39    0.79941    0.00497 
 0.40    0.79206    0.00494 
 0.41    0.78485    0.00491 
 0.42    0.77777    0.00488 
 0.43    0.77081    0.00485 
 0.44    0.76398    0.00482 
 0.45    0.75726    0.00479 
 0.46    0.75065    0.00476 
 0.47    0.74415    0.00474 
 0.48    0.73776    0.00472 
 0.49    0.73147    0.00470 
 0.50    0.72529    0.00468 
 0.51    0.71919    0.00466 
 0.52    0.71320    0.00465 
 0.53    0.70729    0.00463 
 0.54    0.70148    0.00462 
 0.55    0.69575    0.00462 
 0.56    0.69010    0.00461 
 0.57    0.68454    0.00461 
 0.58    0.67906    0.00461 
 0.59    0.67366    0.00461 
 0.60    0.66833    0.00462 
 0.61    0.66307    0.00463 
 0.62    0.65789    0.00464 
 0.63    0.65278    0.00466 
 0.64    0.64774    0.00468 
 0.65    0.64276    0.00470 
 0.66    0.63785    0.00472 
 0.67    0.63300    0.00475 
 0.68    0.62822    0.00478 
 0.69    0.62350    0.00481 
 0.70    0.61883    0.00485 
 0.71    0.61423    0.00489 
 0.72    0.60968    0.00493 
 0.73    0.60519    0.00498 
 0.74    0.60075    0.00503 
 0.75    0.59636    0.00508 
 0.76    0.59203    0.00513 
 0.77    0.58775    0.00519 
 0.78    0.58351    0.00525 
 0.79    0.57933    0.00531 
 0.80    0.57519    0.00538 
 0.81    0.57110    0.00544 
 0.82    0.56706    0.00551 
 0.83    0.56306    0.00558 
 0.84    0.55911    0.00565 
 0.85    0.55520    0.00573 
 0.86    0.55133    0.00581 
 0.87    0.54750    0.00589 
 0.88    0.54372    0.00597 
 0.89    0.53997    0.00605 
 0.90    0.53626    0.00613 
 0.91    0.53259    0.00622 
 0.92    0.52896    0.00630 
 0.93    0.52537    0.00639 
 0.94    0.52181    0.00648 
 0.95    0.51829    0.00657 
 0.96    0.51480    0.00666 
 0.97    0.51135    0.00676 
 0.98    0.50793    0.00685 
 0.99    0.50455    0.00695 
 1.00    0.50120    0.00704 
 1.01    0.49788    0.00714 
 1.02    0.49459    0.00724 
 1.03    0.49133    0.00734 
 1.04    0.48810    0.00744 
 1.05    0.48491    0.00754 
 1.06    0.48174    0.00764 
 1.07    0.47860    0.00774 
 1.08    0.47549    0.00785 
 1.09    0.47241    0.00795 
 1.10    0.46936    0.00805 
 1.11    0.46633    0.00816 
 1.12    0.46333    0.00826 
 1.13    0.46036    0.00837 
 1.14    0.45741    0.00847 
 1.15    0.45449    0.00858 
 1.16    0.45159    0.00869 
 1.17    0.44872    0.00880 
 1.18    0.44587    0.00890 
 1.19    0.44304    0.00901 
 1.20    0.44024    0.00912 
 1.21    0.43747    0.00923 
 1.22    0.43471    0.00934 
 1.23    0.43198    0.00945 
 1.24    0.42927    0.00955 
 1.25    0.42659    0.00966 
 1.26    0.42392    0.00977 
 1.27    0.42128    0.00988 
 1.28    0.41865    0.00999 
 1.29    0.41605    0.01010 
 1.30    0.41347    0.01021 
 1.31    0.41091    0.01032 
 1.32    0.40837    0.01043 
 1.33    0.40585    0.01054 
 1.34    0.40334    0.01065 
 1.35    0.40086    0.01076 
 1.36    0.39840    0.01087 
 1.37    0.39595    0.01099 
 1.38    0.39352    0.01110 
 1.39    0.39111    0.01121 
 1.40    0.38872    0.01132 
 1.41    0.38635    0.01143 
 1.42    0.38399    0.01154 
 1.43    0.38165    0.01165 
 1.44    0.37933    0.01176 
 1.45    0.37702    0.01187 
 1.46    0.37473    0.01198 
 1.47    0.37246    0.01209 
 1.48    0.37020    0.01220 
 1.49    0.36796    0.01231 
 1.50    0.36574    0.01242 
 1.51    0.36353    0.01253 
 1.52    0.36133    0.01264 
 1.53    0.35915    0.01275 
 1.54    0.35699    0.01286 
 1.55    0.35484    0.01297 
 1.56    0.35270    0.01308 
 1.57    0.35058    0.01319 
 1.58    0.34848    0.01330 
 1.59    0.34638    0.01341 
 1.60    0.34430    0.01352 
 1.61    0.34224    0.01362 
 1.62    0.34019    0.01373 
 1.63    0.33815    0.01384 
 1.64    0.33613    0.01395 
 1.65    0.33412    0.01406 
 1.66    0.33212    0.01417 
 1.67    0.33013    0.01427 
 1.68    0.32816    0.01438 
 1.69    0.32620    0.01449 
 1.70    0.32425    0.01460 
 1.71    0.32232    0.01470 
 1.72    0.32039    0.01481 
 1.73    0.31848    0.01492 
 1.74    0.31658    0.01502 
 1.75    0.31469    0.01513 
 1.76    0.31282    0.01524 
 1.77    0.31095    0.01534 
 1.78    0.30910    0.01545 
 1.79    0.30726    0.01556 
 1.80    0.30542    0.01566 
 1.81    0.30360    0.01577 
 1.82    0.30179    0.01587 
 1.83    0.30000    0.01598 
 1.84    0.29821    0.01608 
 1.85    0.29643    0.01619 
 1.86    0.29466    0.01629 
 1.87    0.29291    0.01639 
 1.88    0.29116    0.01650 
 1.89    0.28942    0.01660 
 1.90    0.28770    0.01671 
 1.91    0.28598    0.01681 
 1.92    0.28428    0.01691 
 1.93    0.28258    0.01702 
 1.94    0.28089    0.01712 
 1.95    0.27921    0.01722 
 1.96    0.27755    0.01732 
 1.97    0.27589    0.01743 
 1.98    0.27424    0.01753 
 1.99    0.27260    0.01763 
